model=tf num_threads=4 num_rounds=3 num_lines=4 pipes=sppp 
        size     Runtime
           2       0.061
           4   0.0343333
           8   0.0526667
          16   0.0886667
          32       0.162
          64    0.294667
         128    0.595333
         256     1.30833
         512     3.01433
        1024        7.58
        2048     15.1883
        4096     21.4963
        8192     34.8463
       16384     60.8017
       32768      107.68
       65536     216.105
      131072     411.085
      262144     850.417
      524288     1702.12
     1048576        3353
     2097152     6651.45
     4194304     13229.7
     8388608     26126.4
model=tbb num_threads=4 num_rounds=3 num_lines=4 pipes=sppp 
        size     Runtime
           2    0.328333
           4       0.062
           8    0.103333
          16        0.28
          32       0.499
          64    0.784667
         128     1.51967
         256     1.88633
         512     3.76233
        1024     7.08533
        2048      14.613
        4096     22.0457
        8192     39.8693
       16384     56.0683
       32768     200.862
       65536     431.471
      131072     851.492
      262144     1700.18
      524288     3413.79
     1048576     6821.41
     2097152     13550.4
     4194304     25297.2
     8388608     49357.5
model=tf num_threads=8 num_rounds=3 num_lines=8 pipes=sppp 
        size     Runtime
           2       0.126
           4    0.146333
           8    0.159333
          16       0.225
          32    0.312333
          64    0.448667
         128       0.812
         256     1.52133
         512     2.83567
        1024     5.24467
        2048     9.12167
        4096     15.9157
        8192     27.4107
       16384     49.4063
       32768     95.3533
       65536     180.755
      131072      274.91
      262144     432.488
      524288     921.205
     1048576     2011.74
     2097152     4139.15
     4194304     8315.35
     8388608     16603.8
model=tbb num_threads=8 num_rounds=3 num_lines=8 pipes=sppp 
        size     Runtime
           2    0.234667
           4   0.0573333
           8    0.161333
          16       0.196
          32        0.32
          64       0.596
         128     1.15467
         256     2.13833
         512     3.72267
        1024     7.18467
        2048     14.5657
        4096     27.3253
        8192     52.1357
       16384     107.145
       32768     209.518
       65536     429.392
      131072     849.655
      262144      1698.1
      524288     3404.08
     1048576     6810.64
     2097152     13612.8
     4194304     27068.2
     8388608     54454.4
model=tf num_threads=16 num_rounds=3 num_lines=16 pipes=sppp 
        size     Runtime
           2        0.17
           4       0.099
           8       0.166
          16    0.199333
          32    0.310667
          64    0.485667
         128    0.701333
         256       1.212
         512     1.92767
        1024     3.24867
        2048     4.86733
        4096       9.176
        8192     18.0903
       16384       35.66
       32768      68.337
       65536     136.423
      131072     244.335
      262144     497.481
      524288     1078.14
     1048576     1675.85
     2097152     4942.78
     4194304       10344
     8388608       21566
model=tbb num_threads=16 num_rounds=3 num_lines=16 pipes=sppp 
        size     Runtime
           2    0.180667
           4   0.0533333
           8    0.102333
          16    0.147333
          32    0.250333
          64       0.486
         128       0.924
         256     1.53367
         512     2.52233
        1024     5.01367
        2048       9.941
        4096      19.959
        8192     40.3893
       16384      80.797
       32768     159.782
       65536     319.423
      131072     626.742
      262144     1255.05
      524288     2488.95
     1048576     4970.98
     2097152     9913.14
     4194304     19739.3
     8388608     39324.8
model=tf num_threads=32 num_rounds=3 num_lines=32 pipes=sppp 
        size     Runtime
           2    0.100667
           4       0.121
           8       0.168
          16    0.222333
          32    0.367333
          64    0.506333
         128       0.924
         256     2.12167
         512     2.63933
        1024        5.94
        2048       6.946
        4096     12.1057
        8192     26.6587
       16384     45.9503
       32768     92.7477
       65536     181.083
      131072     347.803
      262144     645.007
      524288     1513.55
     1048576     3558.27
     2097152     7435.23
     4194304     14755.6
     8388608     30153.2
model=tbb num_threads=32 num_rounds=3 num_lines=32 pipes=sppp 
        size     Runtime
           2    0.342667
           4       0.099
           8   0.0986667
          16       0.147
          32    0.206333
          64    0.313667
         128       0.545
         256     1.01633
         512       1.764
        1024     3.03367
        2048     6.08333
        4096      12.062
        8192     24.4103
       16384      48.984
       32768      101.06
       65536     208.802
      131072      427.15
      262144     889.256
      524288     1847.24
     1048576     3728.31
     2097152     7476.01
     4194304     14852.4
     8388608       29695
model=tf num_threads=64 num_rounds=3 num_lines=64 pipes=sppp 
        size     Runtime
           2    0.151667
           4       0.147
           8    0.205667
          16    0.292333
          32       0.503
          64       0.723
         128     1.10033
         256     2.75867
         512     4.15567
        1024       7.047
        2048      10.632
        4096     19.5477
        8192      36.312
       16384     65.3713
       32768     130.656
       65536     300.805
      131072     539.131
      262144     1049.88
      524288      2527.9
     1048576      5152.5
     2097152       10355
     4194304     20499.1
     8388608     40804.8
model=tbb num_threads=64 num_rounds=3 num_lines=64 pipes=sppp 
        size     Runtime
           2    0.151333
           4       0.091
           8    0.110667
          16    0.155667
          32       0.364
          64       0.344
         128    0.630333
         256     1.10267
         512       2.112
        1024     3.87467
        2048       7.342
        4096     14.7133
        8192     29.1117
       16384        59.2
       32768     116.665
       65536     235.756
      131072     473.486
      262144     954.427
      524288     1905.82
     1048576     3811.79
     2097152     7632.24
     4194304     15379.9
     8388608     30764.2
model=tf num_threads=80 num_rounds=3 num_lines=80 pipes=sppp 
        size     Runtime
           2    0.117333
           4    0.112333
           8    0.186667
          16    0.332667
          32        0.58
          64    0.711333
         128       1.466
         256     2.28867
         512     4.09167
        1024     7.58633
        2048     12.3557
        4096      20.429
        8192     43.4323
       16384     72.8173
       32768     144.466
       65536     267.788
      131072     637.235
      262144     1260.27
      524288     2607.24
     1048576     5793.03
     2097152     11902.7
     4194304     22567.6
     8388608     45201.2
model=tbb num_threads=80 num_rounds=3 num_lines=80 pipes=sppp 
        size     Runtime
           2    0.216333
           4       0.078
           8   0.0846667
          16    0.106667
          32       0.177
          64       0.292
         128    0.562667
         256     1.14567
         512     2.43433
        1024       4.052
        2048     7.72633
        4096        15.8
        8192     31.1993
       16384     62.0047
       32768     123.808
       65536     247.579
      131072     496.721
      262144     989.378
      524288     1971.96
     1048576     3942.07
     2097152     7904.39
     4194304     15788.2
     8388608     31624.3
