           2      0.2107      0.0732        0.67
          12      0.4581      0.0862      1.7454
          31      1.0627      0.1033      3.0504
          55      1.2162       0.118      3.7928
          84      1.2436      0.1336      3.9543
         108      1.2805      0.1524      4.1178
         162      1.3337      0.1838      5.3128
         221      1.4742      0.2235       6.505
         255      1.8031      0.2683      7.6066
         317       1.917      0.3226      8.9146
         382      2.4189      0.3846     10.0862
         489      2.7012      0.4589     11.3658
         593      3.0657      0.5471     12.1597
         657      3.4788      0.6456     13.1535
         764      3.7638      0.7528     13.9896
         891      4.0433      0.8756     14.2297
         965       4.351      1.0235     14.3871
        1078      4.6894      1.1745     14.5432
        1226      5.0713      1.3442     14.7089
        1364      5.4921      1.5343     14.8849
        1538      5.9658      1.7355     15.0707
        1643      6.4793      1.9541     15.2674
        1820      7.0412      2.1897     15.4745
        1991      7.6532      2.4637     15.7141
        2123      8.3392      2.7614     16.5618
        2286      9.0656      3.0676     17.6693
        2458      9.9575      3.3897     18.7286
        2655     10.9326      3.7381     19.7741
        2907     12.0894      4.1279     20.7844
        3050     13.0419      4.5432     21.7234
        3278     14.1798      4.9762     22.6954
        3551     15.7529      5.4412     23.9092
        3741     16.9466      5.9623     24.8343
        3977     18.2107      6.4714     25.8496
        4195     19.5309      7.0305     26.7171
        4465     20.9726      7.6093     27.5822
        4680     22.4079       8.241     28.4161
        4887     23.9661      8.8689     29.2573
        5196     25.6136      9.6337     29.9116
        5462     27.3117     10.3568     30.6983
        5817     29.8858     11.1309     31.9706
        6105     32.3214     11.9212     32.8287
        6499     34.2441     12.8247     33.6818
        6700     36.2795     13.7524     34.4911
        6993     38.4216     14.6993     35.4455
        7276      40.702     15.6764     36.3805
        7651     43.0486     16.7365     37.3739
        8051      45.681     17.8931     38.4416
        8350     48.3097     19.0174     39.4851
        8598     50.9875     20.2388     40.5742
        9063      53.707     21.4831     41.7038
        9302      56.606     22.8135     42.8876
        9675     59.6997     24.2163     44.0888
       10135     62.7924     25.5775     45.3557
       10508     65.9982     26.9867     46.6594
       10845     69.3992     28.4597     47.9677
       11374     72.9498     30.0254     49.3278
       11580     76.4463     31.7223     50.7023
       12074     80.2386     33.3887     52.1862
       12515     84.4088     35.1033     54.0059
       12825     88.6728     36.9979     55.6467
       13395     92.7659     38.9228     57.2471
       13754     97.0245     40.8654     58.8819
       14248     101.374      42.873     60.5312
       14644     105.892     44.8758     62.2774
       15201     110.612     47.0052     64.7339
       15527     115.432     49.0801     66.5754
       16147     120.592     51.2885     68.4973
       16583     125.626     53.5261     70.4335
       16907     130.756     55.8081     72.6552
       17577      136.17     58.1468     74.6714
       17829     141.719     60.4852      76.759
       18489     147.387     62.8884     78.9171
       18919      153.57     65.4124      81.109
       19596     159.625     67.9888     83.3461
       20176      165.73     70.6434     85.6238
       20548     172.009     73.3315     87.9562
       21181     178.513     76.1068     90.3476
       21709     185.156     78.9536     92.8037
       22138      191.89     81.8465     95.3361
       22822     198.891     84.8226     97.9151
       23371     205.934      87.836     100.576
       24013     213.312     90.9664     103.293
       24659     220.853     94.1513     106.106
       25114     228.418     97.4289     108.918
       25744     236.371     100.796      111.81
       26155     244.396     104.227     114.747
       26902     252.654     107.874     117.754
       27493     261.059     111.452     120.822
       28199     269.827      115.17     123.961
       28903     278.697     118.888     127.218
       29441     287.634     122.653     130.579
       30006     296.834     126.469     134.007
       30738     306.421     130.384     137.547
       31450     316.279     134.387     141.098
       32216     326.167     138.487     144.749
       32616      336.43     142.708     148.377
       33554     346.915      146.95     152.159
       34067     357.502      151.42     155.916
       34889     368.188     155.935     159.759
       35480     378.971     160.575     163.659
       36169     390.188      165.27     167.647
       36930     401.564     170.087     171.768
       37598     413.324     174.931     175.978
       38484     425.307     179.926     180.213
       39087     437.147     184.923     184.583
       39849     449.315     190.136      189.05
       40435     461.702     195.499     193.459
       41365      474.33     200.908     198.064
       42263     487.606     206.458     202.666
       43052     500.833     211.995     207.437
       43767     514.341     217.679     212.207
       44592     528.462     223.426     217.359
       45173     542.516     229.251     222.377
       45719     556.828      235.06     227.551
       47049     571.299     241.203     232.673
       47849     585.972     247.434     237.984
       48574     601.231     253.599     243.431
       49270     615.861     259.886     248.972
       50215     631.604     266.309     254.554
       50956     647.324     272.973     260.129
       51821     663.223     279.814     265.804
       52880     679.448     286.757     271.569
       53661     696.116     293.781     277.428
       54482     713.124     300.882     283.446
       55365     730.168     308.087     289.583
       56165     747.541     315.485     295.763
       57007     765.346     322.969     302.061
       58316     783.304     330.538     308.678
       58677     801.333     338.172     315.389
       59940     820.134     345.973     322.228
       60711     839.527     354.204     329.227
       61827     859.299     362.404     336.533
       62660     878.855     370.487     343.631
       63383      898.84      378.76     350.886
       64625     918.692     387.684      357.58
       65281     939.183     396.347     365.101
       66320     959.575     405.541     372.069
       67289     981.419     414.921     379.325
       68337     1002.32     424.634     386.412
       69186     1023.39     434.324     393.637
       70204     1045.04     444.342     400.866
       71382     1066.95     454.239     408.282
       72232     1089.58     464.625     415.896
       73211     1112.49       474.7     423.556
       74268     1135.41     484.757     431.344
       75233     1158.77      494.87     439.327
       76305     1182.47     505.375     447.394
       77231     1206.47     515.928     455.499
       78509     1230.97     527.193     463.802
       79314     1255.67     538.374     472.171
       80627     1280.62     549.855     480.625
       81489     1305.99     561.543     489.191
       82637     1332.18     573.308      497.84
       83798     1358.61     585.301     506.611
       84243     1384.93     597.249       515.5
       86057     1411.92     609.382     524.631
       86606     1438.38     621.593     533.931
       88399     1465.73      634.14     543.831
       89327     1495.09     647.388      554.02
       90631     1523.27     660.185     563.647
       91611     1551.26     673.197     573.323
       92585     1580.65     686.064     583.258
       93758     1610.16     698.983     593.209
       95321     1639.55     711.884     603.291
       95879      1669.8     725.407     613.666
       97357     1699.62     738.637     624.312
       98653      1730.4     752.233     634.838
       99534     1762.25     765.928     645.577
      100762     1793.87     779.622     656.373
      102291     1825.78     793.614     667.389
      103383     1857.92     807.712     678.441
      104297     1889.57      822.07     689.794
      105420     1922.67     836.371     701.179
      106928      1956.3       850.9      712.83
      108082     1990.14       865.8     724.662
      109338     2024.57     880.733     736.629
      110600     2058.76     895.926     748.734
      111728     2093.62     911.432     761.028
      113202     2129.42     927.141     773.379
      114178     2165.12     943.245     786.221
      115359     2201.25     959.354     799.029
      116851     2237.77     975.574       811.9
      118160     2274.48     991.972     824.868
      119300     2312.13     1008.86     838.197
      120541     2349.78     1025.53     851.598
      122230      2387.9     1042.47     865.772
      123235     2426.49     1059.57      879.37
      124863     2466.04     1076.96     893.093
      126057     2504.97     1094.76     907.098
      127051     2544.51     1112.35     921.387
      128639     2585.13     1130.28     935.589
      129902      2626.1     1148.49     950.233
      131239     2667.59     1166.72     964.814
      132597     2708.89     1185.26     979.464
      134011     2749.96     1203.82     994.499
      135390     2791.51     1222.38     1009.62
      136755     2834.95     1241.55     1024.95
      138485     2877.69     1260.67     1040.47
      139453     2921.02     1279.97     1056.04
      141172     2964.54     1299.37     1071.82
      142718     3008.89     1318.96     1087.81
      144197     3054.52     1338.81     1103.87
      145160     3100.23     1358.71     1120.19
      146260     3145.84     1378.97      1136.7
      148246     3191.98     1399.93     1153.08
      149431     3238.67     1420.43     1169.96
      151123     3286.14     1441.44     1187.06
      152780     3332.62     1462.67     1204.55
      153578     3379.68     1483.66      1221.9
      155794     3429.27      1504.9     1239.72
      156758     3478.49     1526.41     1257.36
      158275     3527.17     1548.15     1275.16
      159743     3577.03     1570.26     1293.29
      161518     3627.58     1592.58     1311.57
      163377      3678.9      1615.1     1330.09
      164283     3730.94     1638.17     1349.59
      165915     3782.13     1661.13     1368.84
      167885     3835.68     1684.22     1387.87
      169063     3889.25     1707.85     1407.37
      170321        3944     1731.51     1426.78
      172284        3998     1755.34     1446.58
      173432      4051.8     1779.47     1466.53
      175679     4106.57     1804.14      1486.5
      176676      4162.6     1828.29     1506.76
      177943      4216.8     1853.14     1527.17
      179940     4272.99     1877.96     1547.82
      181614     4330.04     1903.23     1568.54
      183103     4387.41     1928.55     1589.61
      184341     4445.04     1953.74     1610.84
      186527     4503.05     1979.48      1632.2
      187595     4561.75     2005.02     1653.69
      189411     4620.78     2030.72      1675.5
      190916     4681.53     2056.64     1697.34
      192597     4741.84     2082.66     1719.42
      194139     4802.89     2108.94     1741.71
      196090     4863.45      2135.8     1764.35
      197800     4926.48     2162.37     1787.31
      199728     4989.78     2189.53     1810.26
      200956     5051.23     2216.99     1833.35
      202488     5114.89     2244.69     1856.65
      204197     5180.22     2272.61      1880.1
      206342     5243.75     2300.69      1903.8
      207953     5307.21     2329.22     1927.75
      209991     5371.76      2357.5     1951.96
      211690      5437.5     2386.02     1976.27
      212868     5504.54     2414.93     2000.81
      214951     5571.95     2444.05     2025.64
      216178     5639.64      2473.3     2050.55
      218862     5707.74     2502.95     2075.68
      219608     5776.45      2532.7     2101.09
      221986     5845.58      2562.6     2126.82
      223690        5914     2592.57     2153.25
      225162     5984.41     2623.35     2179.38
      227359     6054.75     2654.19     2205.71
      228705     6125.81     2685.38      2232.2
      230593     6197.81     2716.82     2258.87
      232282     6269.11     2748.17     2285.74
      234283     6341.09     2779.93     2312.89
      235965     6414.79     2811.58     2340.18
      237789     6489.25     2843.82     2367.76
      239613     6562.99     2876.71     2395.75
      241953     6637.36     2909.26     2423.78
      243832     6713.57     2942.21     2452.11
      245391     6790.67     2975.48     2480.59
      247434     6868.72     3008.74     2509.25
      248741     6945.33     3042.57     2538.11
      250568     7024.34     3076.66     2567.21
      252776     7102.83     3110.93     2596.49
      254560      7181.2      3144.9     2625.96
      256350        7261     3179.52     2655.79
      258412     7341.62     3214.14      2685.8
      260221     7421.28     3249.25     2716.19
      262832     7503.94     3285.03     2747.06
      263636     7584.85     3320.73     2777.95
      266215     7667.92     3356.62     2808.84
      267997     7749.67     3393.18     2839.88
      269412     7833.16     3430.25     2871.18
      272280     7916.88     3467.83     2902.82
      274004     8002.52     3504.84     2934.61
      275217     8087.28     3541.86     2966.65
      278682     8172.92     3579.85     2999.31
      279253     8261.93     3618.29     3031.85
      281713     8350.07     3656.45     3064.53
      284128     8439.19     3694.87     3097.54
      285333      8527.9     3733.71     3130.53
      287984      8618.2     3772.39     3163.89
      290125     8708.63     3811.39     3197.56
      291236     8799.56     3850.75     3231.52
      293582      8892.4     3890.43     3265.75
      296102     8985.73        3930     3300.43
      297620     9079.46     3970.08     3335.15
      300114     9172.38     4010.84     3370.16
      301588     9265.45     4052.49     3405.64
      304521     9362.43     4094.58     3441.09
      306671     9457.54     4136.89     3478.42
      308351     9554.52     4179.29     3514.46
      310296     9652.34     4221.52     3550.48
      312751     9750.89     4263.94     3586.84
      314405     9849.26     4307.19     3624.14
      316828     9948.99     4351.28     3661.49
      318563     10046.5     4395.22     3698.64
      320726     10146.7     4438.98     3736.42
      322731     10247.2     4483.04     3774.21
      325089     10347.4     4527.45     3812.09
      326686     10447.7     4571.88     3850.22
      329202     10549.1     4616.68     3888.65
      331561     10653.1      4662.8     3927.81
      333203     10758.3     4707.92     3966.77
      336074     10861.7     4753.55      4005.9
      337467     10965.7     4799.11     4045.23
      340172     11073.1     4844.85     4084.74
      342342     11179.1     4891.08      4124.6
      344032     11287.2     4937.09      4164.7
      346520     11395.4     4983.87     4205.41
      348693     11505.5     5030.91     4246.13
      351152     11615.2     5078.34     4286.98
      353630     11724.2      5125.9     4328.08
      354952     11836.2     5173.86     4369.49
      357317     11947.6     5222.36     4411.08
      359981     12059.1     5271.41     4452.98
      362223     12173.4     5322.21     4495.18
      364430     12286.7      5371.9     4537.67
      366992     12400.3     5421.93     4580.76
      369339     12515.2     5472.07     4623.77
      371529       12630        5522     4667.03
      373486     12744.2     5572.64     4710.52
      375939     12859.6     5623.76     4754.25
      378034       12976      5675.2     4798.35
      380403     13094.8     5726.51     4842.85
      383054     13215.7     5778.64     4887.39
      385526     13334.2     5829.97     4932.25
      387740     13452.5     5882.08     4977.35
      389934     13575.6     5934.17     5022.69
      393023     13699.2     5986.64     5068.39
      394651     13822.6     6039.55     5114.24
      396401     13946.3     6094.12     5160.45
      398916     14067.9     6148.12        5207
      401825     14191.4     6202.25     5253.74
      404227     14316.9     6256.86     5300.85
      406301     14442.3        6312      5348.2
      409443     14569.3     6367.35        5396
      411156     14695.5     6423.33     5444.58
      413830     14823.8     6478.93     5492.95
      415788     14952.3     6534.86     5541.53
      418484     15082.2     6591.31     5590.39
      420652     15215.2     6648.42     5639.52
      423812     15347.1      6704.9     5689.07
      426708     15480.9     6762.04     5738.98
      428186     15614.6      6819.3     5789.07
      430006     15747.7     6877.26     5839.22
      432443     15881.2     6935.29     5889.71
      436069     16019.8     6993.79     5940.52
      437815     16157.2     7053.19     5991.68
      441480     16297.4     7115.12     6045.58
      442952     16439.1     7177.52     6100.61
      445410     16579.6        7239     6154.68
      448157     16718.9     7300.17     6207.66
      450047     16858.6     7360.97     6260.05
      452410     17001.5     7422.11     6312.44
      455358     17141.4     7483.48     6365.49
      458356     17285.7     7545.22     6418.51
      460672     17429.1      7607.5     6471.55
      463054     17572.4     7669.84     6525.05
      465905       17724     7734.87     6580.44
      467405     17880.1     7801.17     6637.53
      470735     18083.3     7873.17     6702.55
      473775       18234     7938.79        6758
      475929     18380.4     8003.06     6812.96
      478651     18528.2     8067.39     6868.18
      481262     18678.5     8132.06     6924.27
      482452     18826.2     8197.59      6980.1
      486271     18977.5     8262.84     7036.61
      488906     19129.5     8329.04     7092.92
      491311     19281.1     8395.96     7149.87
      494344       19435     8462.84     7206.84
      496724     19590.1     8530.34     7264.13
      498945     19744.3     8597.35     7322.22
      502486       19903     8665.19     7380.11
      505151     20054.3     8732.72     7438.34
      507886     20212.2     8800.76      7496.8
      509364     20368.5     8869.32     7556.67
      512745     20526.8     8937.82     7615.96
      515518     20684.2     9006.81     7675.45
      517673     20846.8     9076.04      7735.1
      520604     21010.5      9146.1     7795.12
      523093     21173.6     9216.37     7856.68
      525021     21334.5     9286.94     7917.43
      528806     21499.8     9357.18     7978.42
      531106     21666.4     9428.85     8039.48
      534051     21833.9     9501.42     8101.12
      537268     21998.5     9574.59     8162.88
      539238     22167.3     9648.02     8225.57
      542073       22341     9721.73     8288.02
      545915     22510.3     9795.02     8351.04
      547255     22685.8     9869.91     8413.89
      551177     22858.4     9944.87     8477.59
      552837     23025.2     10020.9     8541.42
      556634     23197.6     10097.1      8605.3
      558545     23370.5     10172.6     8669.54
