          16         0.2         0.1           1
          64         0.4         0.1         2.6
         144         0.8         0.1         3.4
         256         1.1         0.1         4.4
         400         1.3         0.1         5.2
         576         1.4         0.1         5.9
         784         1.8         0.1         6.2
        1024         2.8         0.1         6.7
        1296         3.8         0.2         6.7
        1600           5         0.3         6.8
        1936         6.1         1.3         7.2
        2304         8.2         2.3         7.6
        2704        10.4         3.3         7.9
        3136        13.3         4.4         8.3
        3600        16.3         5.6         9.4
        4096        19.8         7.5        10.5
        4624        24.2         9.5        11.6
        5184        29.2        11.7        12.9
        5776        34.3        13.9        14.1
        6400        40.1        16.9        15.7
        7056        46.7        19.9        17.8
        7744        53.7        23.2          20
        8464        61.9        27.1        22.2
        9216        70.3        31.2        24.4
       10000        79.5        35.5        26.7
       10816        89.6        40.6        29.7
       11664       100.6        45.7        32.8
       12544       112.3        51.6        36.4
       13456       124.6        57.9        40.3
       14400       138.1        64.2        44.6
       15376       152.2        71.3        49.4
       16384       167.3        78.8        54.9
       17424       183.6        86.8        60.7
       18496       200.7          96        67.2
       19600       218.9       105.2        74.3
       20736       237.9       115.4        81.7
       21904       258.1       125.8        89.7
       23104       279.6       136.9          98
       24336       302.7       148.4       106.7
       25600       327.6       160.5         116
       26896       352.8       173.2       125.9
       28224       379.2       186.6         136
       29584       406.4       200.7       147.6
       30976       435.6       215.6       158.6
       32400       465.7       230.8       170.6
       33856       496.9       246.9       183.2
       35344       530.3       263.8       196.7
       36864       566.1         281       210.8
       38416       602.2       299.2       226.9
       40000       640.2       318.1       242.4
       41616       679.3         338       258.5
       43264       720.2       358.4       275.6
       44944       762.3       379.8       293.3
       46656       806.4       401.7       310.9
       48400       853.1       424.6       329.3
       50176       900.8       447.7       347.6
       51984       949.6       472.1       368.3
       53824      1001.6       497.4       390.1
       55696      1054.4       523.8       412.3
       57600      1110.4       550.9       434.6
       59536      1166.8       578.4       457.8
       61504      1225.8       607.1       481.9
       63504      1286.9       637.1       507.5
       65536      1348.8       668.6       533.5
       67600      1412.8       700.2       560.7
       69696      1479.4       732.7       588.7
       71824      1548.3         766       617.8
       73984      1618.6       800.7       647.4
       76176      1691.2       836.7       678.4
       78400        1767       873.1       709.8
       80656      1843.8       910.2       742.4
       82944      1923.8       948.5         776
       85264      2004.2       987.9       810.8
       87616      2087.7      1028.6       846.4
       90000      2172.7      1070.2       883.2
       92416      2261.5      1112.9       921.1
       94864      2351.8      1156.8       959.6
       97344      2445.4      1201.9       999.2
       99856      2540.3      1248.1      1039.7
      102400        2637      1295.7      1081.9
      104976        2737      1344.6      1124.8
      107584      2839.5      1395.2        1169
      110224      2943.6      1446.6      1213.4
      112896      3053.4      1498.8      1259.7
      115600      3167.4      1556.7      1314.1
      118336      3282.2      1616.9      1366.3
      121104      3399.9      1675.9      1420.2
      123904      3520.5      1734.9      1474.1
      126736      3641.9      1793.5      1526.8
      129600        3766      1855.1      1582.4
      132496      3891.8      1916.1      1637.1
      135424      4020.5      1978.5      1694.2
      138384      4152.2      2043.4      1752.5
      141376      4288.3        2109      1812.1
      144400      4426.6      2175.8      1871.8
      147456      4565.4      2244.8      1932.6
      150544      4711.9      2318.7      2001.1
      153664      4864.5      2398.5      2075.3
      156816        5035      2480.2      2150.5
      160000      5190.4        2562        2226
      163216      5366.3      2645.1      2306.1
      166464      5533.5      2732.6      2386.9
      169744      5725.8      2820.5      2469.9
      173056      5909.3      2903.8      2553.1
      176400      6089.4      2991.7      2633.9
      179776        6284      3082.9      2719.3
      183184      6462.2      3169.4      2795.9
      186624      6643.1      3257.7      2876.3
      190096      6826.3      3352.9      2958.4
      193600      7010.5      3442.4      3037.4
      197136      7199.3      3533.2      3118.5
      200704        7389      3625.7      3201.4
      204304      7584.8      3719.9      3285.2
      207936        7783      3815.5      3369.7
      211600      7986.2      3913.4      3457.3
      215296      8192.5      4012.2      3544.8
      219024      8404.1      4113.6      3634.2
      222784      8617.7      4217.2      3727.5
      226576      8835.1      4323.5      3822.2
      230400      9056.8      4430.8        3918
      234256      9278.2      4539.8      4013.8
      238144      9516.5      4650.9        4112
      242064      9749.6      4764.5      4212.3
      246016      9997.4      4886.1      4325.5
      250000     10252.8      5011.8        4435
      254016     10500.1      5135.5      4542.5
      258064     10748.6      5256.1      4652.5
      262144     10991.2      5379.1      4761.6
